2,5,6,7;
1,3,6,7,8;
2,4,7,8,9;
3,8,9,10;
1,6,11,12;
1,2,5,7,11,12,13;
1,2,3,6,8,12,13,14;
2,3,4,7,9,13,14,15;
3,4,8,10,14,15,16;
4,9,15,16;
5,6,12,17,18;
5,6,7,11,13,17,18,19;
6,7,8,12,14,18,19,20;
7,8,9,13,15,19,20,21;
8,9,10,14,16,20,21,22;
9,10,15,21,22;
11,12,18,23,24;
11,12,13,17,19,23,24,25;
12,13,14,18,20,24,25,26;
13,14,15,19,21,25,26,27;
14,15,16,20,22,26,27,28;
15,16,21,27,28;
17,18,24,29;
17,18,19,23,25,29,30;
18,19,20,24,26,29,30,31;
19,20,21,25,27,30,31,32;
20,21,22,26,28,31,32;
21,22,27,32;
23,24,25,30;
24,25,26,29,31;
25,26,27,30,32;
26,27,28,31;